Temp:	U:
-6.42685056E-03	-0.533E-6
-6.44088448E-03	-0.550E-6
-6.43223424E-03	-0.490E-6
-6.44012672E-03	-0.558E-6
-6.42560768E-03	-0.568E-6
-6.42340096E-03	-0.543E-6
-6.42495808E-03	-0.528E-6
-6.42930944E-03	-0.500E-6
-6.43072192E-03	-0.488E-6
-6.42761088E-03	-0.513E-6
-6.43482496E-03	-0.540E-6
-6.42180864E-03	-0.500E-6
-6.43663616E-03	-0.508E-6
-6.42711616E-03	-0.483E-6
-6.42581760E-03	-0.518E-6
-6.42584128E-03	-0.540E-6
-6.43436224E-03	-0.505E-6
-6.42250624E-03	-0.528E-6
-6.41899072E-03	-0.520E-6
-6.41860288E-03	-0.500E-6
-6.43049408E-03	-0.490E-6
-6.42671616E-03	-0.465E-6
-6.42349120E-03	-0.545E-6
-6.42260288E-03	-0.515E-6
-6.42020480E-03	-0.495E-6
-6.42141184E-03	-0.465E-6
-6.41326144E-03	-0.538E-6
-6.41231872E-03	-0.458E-6
-6.41542336E-03	-0.480E-6
-6.40391552E-03	-0.508E-6
-6.39906816E-03	-0.515E-6
-6.39718272E-03	-0.503E-6
-6.40834112E-03	-0.515E-6
-6.39389760E-03	-0.515E-6
-6.40011840E-03	-0.440E-6
-6.39413760E-03	-0.518E-6
-6.39688576E-03	-0.493E-6
-6.39544064E-03	-0.538E-6
-6.37956352E-03	-0.495E-6
-6.38920320E-03	-0.490E-6
-6.37549120E-03	-0.488E-6
-6.37207744E-03	-0.513E-6
-6.38150848E-03	-0.440E-6
-6.37425792E-03	-0.478E-6
-6.35683584E-03	-0.503E-6
-6.35791104E-03	-0.503E-6
-6.35155200E-03	-0.483E-6
-6.33303680E-03	-0.500E-6
-6.34366912E-03	-0.438E-6
-6.33107840E-03	-0.503E-6
-6.33980800E-03	-0.488E-6
-6.34422464E-03	-0.455E-6
-6.33755200E-03	-0.463E-6
-6.34081024E-03	-0.455E-6
-6.31722368E-03	-0.440E-6
-6.32235584E-03	-0.465E-6
-6.29887680E-03	-0.440E-6
-6.29137152E-03	-0.488E-6
-6.28049536E-03	-0.430E-6
-6.26751424E-03	-0.438E-6
-6.26123328E-03	-0.450E-6
-6.24942592E-03	-0.368E-6
-6.23630016E-03	-0.403E-6
-6.22099520E-03	-0.430E-6
-6.22941184E-03	-0.440E-6
-6.21857280E-03	-0.408E-6
-6.21950656E-03	-0.430E-6
-6.21603200E-03	-0.425E-6
-6.21760832E-03	-0.365E-6
-6.20189120E-03	-0.425E-6
-6.19428096E-03	-0.395E-6
-6.20368832E-03	-0.358E-6
-6.18763392E-03	-0.370E-6
-6.19200448E-03	-0.338E-6
-6.18366400E-03	-0.380E-6
-6.17667520E-03	-0.330E-6
-6.17369728E-03	-0.358E-6
-6.17227904E-03	-0.320E-6
-6.16965376E-03	-0.295E-6
-6.16702400E-03	-0.295E-6
-6.16491840E-03	-0.325E-6
-6.14982016E-03	-0.350E-6
-6.15398336E-03	-0.253E-6
-6.15193536E-03	-0.325E-6
-6.14136832E-03	-0.318E-6
-6.14734400E-03	-0.350E-6
-6.13077696E-03	-0.330E-6
-6.14107904E-03	-0.283E-6
-6.13291776E-03	-0.228E-6
-6.13502848E-03	-0.305E-6
-6.11731712E-03	-0.318E-6
-6.12558656E-03	-0.228E-6
-6.12504640E-03	-0.303E-6
-6.12134912E-03	-0.265E-6
-6.11677376E-03	-0.243E-6
-6.10238848E-03	-0.295E-6
-6.10690048E-03	-0.215E-6
-6.09964352E-03	-0.255E-6
-6.09470464E-03	-0.275E-6
-6.09949760E-03	-0.215E-6
-6.09159040E-03	-0.220E-6
-6.07788288E-03	-0.220E-6
-6.08846016E-03	-0.240E-6
-6.08219136E-03	-0.200E-6
-6.06485184E-03	-0.263E-6
-6.06662912E-03	-0.195E-6
-6.06806720E-03	-0.263E-6
-6.05546752E-03	-0.190E-6
-6.04912384E-03	-0.190E-6
-6.05827264E-03	-0.203E-6
-6.05441408E-03	-0.170E-6
-6.03657344E-03	-0.200E-6
-6.04746048E-03	-0.183E-6
-6.02911424E-03	-0.168E-6
-6.03600512E-03	-0.143E-6
-6.02200640E-03	-0.155E-6
-6.02817792E-03	-0.168E-6
-6.01096192E-03	-0.108E-6
-6.01549376E-03	-0.120E-6
-5.99505216E-03	-0.120E-6
-5.98733824E-03	-0.090E-6
-5.99313984E-03	-0.070E-6
-5.98207552E-03	-0.075E-6
-5.97721536E-03	-0.103E-6
-5.97250304E-03	-0.055E-6
-5.96944064E-03	-0.080E-6
-5.95388800E-03	-0.118E-6
-5.95716992E-03	-0.065E-6
-5.95397184E-03	-0.078E-6
-5.93451136E-03	-0.088E-6
-5.92931648E-03	-0.090E-6
-5.92000128E-03	-0.080E-6
-5.92668928E-03	-0.053E-6
-5.91826432E-03	-0.003E-6
-5.90915840E-03	0.003E-6
-5.91115328E-03	-0.040E-6
-5.89315776E-03	-0.003E-6
-5.90095040E-03	-0.025E-6
-5.88019648E-03	0.055E-6
-5.87440448E-03	-0.015E-6
-5.87471360E-03	0.088E-6
-5.86304128E-03	0.118E-6
-5.86770432E-03	0.115E-6
-5.86314176E-03	0.150E-6
-5.86019008E-03	0.218E-6
-5.83977152E-03	0.170E-6
-5.84100480E-03	0.253E-6
-5.83155520E-03	0.215E-6
-5.83831168E-03	0.263E-6
-5.82284032E-03	0.318E-6
-5.81442496E-03	0.258E-6
-5.80676288E-03	0.293E-6
-5.80740544E-03	0.350E-6
-5.81041856E-03	0.395E-6
-5.79597056E-03	0.450E-6
-5.79419328E-03	0.450E-6
-5.78049600E-03	0.493E-6
-5.77928256E-03	0.533E-6
-5.78258816E-03	0.528E-6
-5.77585216E-03	0.603E-6
-5.76958592E-03	0.578E-6
-5.75282496E-03	0.595E-6
-5.74873856E-03	0.645E-6
-5.75520256E-03	0.703E-6
-5.74310784E-03	0.665E-6
-5.73160768E-03	0.678E-6
-5.73315456E-03	0.733E-6
-5.72426240E-03	0.718E-6
-5.71865024E-03	0.758E-6
-5.72503488E-03	0.743E-6
-5.71832960E-03	0.768E-6
-5.71401408E-03	0.738E-6
-5.69505024E-03	0.770E-6
-5.69987776E-03	0.825E-6
-5.68541760E-03	0.795E-6
-5.69027776E-03	0.843E-6
-5.68607936E-03	0.815E-6
-5.68022656E-03	0.878E-6
-5.67981824E-03	0.803E-6
-5.66643392E-03	0.843E-6
-5.66585600E-03	0.863E-6
-5.65548800E-03	0.863E-6
-5.65872576E-03	0.918E-6
-5.64977344E-03	0.950E-6
-5.65011072E-03	0.905E-6
-5.63883328E-03	0.913E-6
-5.63690432E-03	0.895E-6
-5.62520384E-03	0.903E-6
-5.61638400E-03	0.913E-6
-5.62404096E-03	0.918E-6
-5.60675008E-03	0.903E-6
-5.61581376E-03	0.968E-6
-5.60904768E-03	0.955E-6
-5.60443584E-03	0.950E-6
-5.60101248E-03	0.955E-6
-5.58858240E-03	1.000E-6
-5.59083648E-03	0.975E-6
-5.58029440E-03	1.025E-6
-5.58276992E-03	0.968E-6
-5.57062336E-03	1.013E-6
-5.56966656E-03	1.045E-6
-5.56665280E-03	0.980E-6
-5.56216704E-03	1.055E-6
-5.55445568E-03	0.968E-6
-5.54022336E-03	1.038E-6
-5.53591488E-03	1.038E-6
-5.53698048E-03	1.025E-6
-5.53789056E-03	1.003E-6
-5.52348928E-03	1.005E-6
-5.51694528E-03	1.043E-6
-5.51798336E-03	1.050E-6
-5.50606656E-03	1.028E-6
-5.50946048E-03	1.103E-6
-5.49539648E-03	1.050E-6
-5.49887680E-03	1.050E-6
-5.48464320E-03	1.053E-6
-5.48370496E-03	1.058E-6
-5.47800000E-03	1.100E-6
-5.47604288E-03	1.083E-6
-5.46546176E-03	1.043E-6
-5.46011840E-03	1.068E-6
-5.46534720E-03	1.090E-6
-5.45126912E-03	1.003E-6
-5.45487296E-03	1.058E-6
-5.43583296E-03	1.040E-6
-5.44126144E-03	0.990E-6
-5.43162368E-03	1.013E-6
-5.42645632E-03	0.953E-6
-5.42111936E-03	1.013E-6
-5.42240704E-03	0.965E-6
-5.41546432E-03	0.953E-6
-5.39787840E-03	0.900E-6
-5.39698496E-03	0.850E-6
-5.38451840E-03	0.765E-6
-5.38434240E-03	0.758E-6
-5.37395904E-03	0.688E-6
-5.37265856E-03	0.595E-6
-5.37541888E-03	0.508E-6
-5.36464640E-03	0.338E-6
-5.35779264E-03	0.215E-6
-5.34487360E-03	0.040E-6
-5.34848576E-03	-0.133E-6
-5.34369440E-03	-0.203E-6
-5.33594752E-03	-0.183E-6
-5.31898176E-03	-0.100E-6
-5.31570432E-03	0.133E-6
-5.31720672E-03	0.320E-6
-5.29780448E-03	0.463E-6
-5.28828384E-03	0.590E-6
-5.28171072E-03	0.603E-6
-5.28746048E-03	0.658E-6
-5.27855488E-03	0.658E-6
-5.27479872E-03	0.640E-6
-5.26217120E-03	0.650E-6
-5.24641056E-03	0.655E-6
-5.24274912E-03	0.643E-6
-5.23203232E-03	0.680E-6
-5.23243616E-03	0.665E-6
-5.22094176E-03	0.650E-6
-5.21142720E-03	0.688E-6
-5.21653568E-03	0.665E-6
-5.19658016E-03	0.693E-6
-5.18897120E-03	0.655E-6
-5.18638560E-03	0.713E-6
-5.18821472E-03	0.693E-6
-5.17751488E-03	0.665E-6
-5.16973472E-03	0.728E-6
-5.15603200E-03	0.650E-6
-5.14932384E-03	0.708E-6
-5.15138080E-03	0.693E-6
-5.13922432E-03	0.690E-6
-5.13794400E-03	0.675E-6
-5.12566688E-03	0.678E-6
-5.12225280E-03	0.690E-6
-5.11644000E-03	0.683E-6
-5.10888864E-03	0.675E-6
-5.09930432E-03	0.675E-6
-5.08206624E-03	0.663E-6
-5.08721504E-03	0.700E-6
-5.07674176E-03	0.688E-6
-5.07353568E-03	0.670E-6
-5.05837792E-03	0.690E-6
-5.04511904E-03	0.680E-6
-5.04936192E-03	0.678E-6
-5.03321568E-03	0.683E-6
-5.03225120E-03	0.663E-6
-5.03149760E-03	0.693E-6
-5.02401344E-03	0.730E-6
-5.00693184E-03	0.670E-6
-5.00509856E-03	0.663E-6
-4.99268096E-03	0.700E-6
-4.98333568E-03	0.668E-6
-4.98468928E-03	0.733E-6
-4.96816672E-03	0.678E-6
-4.96713312E-03	0.688E-6
-4.95401760E-03	0.708E-6
-4.95343744E-03	0.715E-6
-4.95536224E-03	0.683E-6
-4.93672608E-03	0.728E-6
-4.92714624E-03	0.708E-6
-4.92578016E-03	0.743E-6
-4.92579520E-03	0.728E-6
-4.91753632E-03	0.680E-6
-4.90793536E-03	0.738E-6
-4.90693472E-03	0.700E-6
-4.90062304E-03	0.728E-6
-4.87804480E-03	0.690E-6
-4.88384224E-03	0.718E-6
-4.88102752E-03	0.713E-6
-4.86873952E-03	0.740E-6
-4.86635200E-03	0.715E-6
-4.85539616E-03	0.695E-6
-4.84884608E-03	0.718E-6
-4.84512480E-03	0.703E-6
-4.82579392E-03	0.690E-6
-4.82945664E-03	0.720E-6
-4.81274048E-03	0.705E-6
-4.81881344E-03	0.718E-6
-4.80488576E-03	0.695E-6
-4.79817792E-03	0.703E-6
-4.78791232E-03	0.720E-6
-4.79146080E-03	0.705E-6
-4.77558944E-03	0.733E-6
-4.76806624E-03	0.763E-6
-4.76506976E-03	0.695E-6
-4.75406848E-03	0.758E-6
-4.75869568E-03	0.713E-6
-4.74532096E-03	0.715E-6
-4.74362432E-03	0.763E-6
-4.73745056E-03	0.713E-6
-4.73253888E-03	0.750E-6
-4.72062080E-03	0.695E-6
-4.70478368E-03	0.728E-6
-4.70586432E-03	0.713E-6
-4.69019104E-03	0.728E-6
-4.69765216E-03	0.728E-6
-4.67896000E-03	0.720E-6
-4.67668704E-03	0.755E-6
-4.66552960E-03	0.718E-6
-4.65908832E-03	0.740E-6
-4.66271136E-03	0.770E-6
-4.65253728E-03	0.743E-6
-4.65057376E-03	0.720E-6
-4.64265280E-03	0.718E-6
-4.62474784E-03	0.740E-6
-4.62017344E-03	0.765E-6
-4.61076064E-03	0.743E-6
-4.61786560E-03	0.728E-6
-4.60421376E-03	0.780E-6
-4.60302784E-03	0.778E-6
-4.58420672E-03	0.753E-6
-4.58544320E-03	0.770E-6
-4.58523712E-03	0.750E-6
-4.56753088E-03	0.733E-6
-4.55894272E-03	0.740E-6
-4.55643424E-03	0.763E-6
-4.55902528E-03	0.715E-6
-4.54721088E-03	0.745E-6
-4.54043168E-03	0.763E-6
-4.53765088E-03	0.755E-6
-4.51901184E-03	0.720E-6
-4.52413280E-03	0.755E-6
-4.50313920E-03	0.775E-6
-4.51035360E-03	0.730E-6
-4.49811520E-03	0.753E-6
-4.49361472E-03	0.758E-6
-4.47787936E-03	0.765E-6
-4.47138432E-03	0.788E-6
-4.46111040E-03	0.730E-6
-4.46065440E-03	0.780E-6
-4.46226784E-03	0.765E-6
-4.44796384E-03	0.738E-6
-4.43382368E-03	0.778E-6
-4.43319296E-03	0.765E-6
-4.43374400E-03	0.750E-6
-4.42703776E-03	0.768E-6
-4.40655936E-03	0.768E-6
-4.40102912E-03	0.770E-6
-4.40669184E-03	0.793E-6
-4.39994464E-03	0.753E-6
-4.38551680E-03	0.738E-6
-4.37370496E-03	0.788E-6
-4.37613248E-03	0.778E-6
-4.37464192E-03	0.793E-6
-4.36371936E-03	0.763E-6
-4.34705280E-03	0.750E-6
-4.34168000E-03	0.800E-6
-4.34573760E-03	0.788E-6
-4.33831168E-03	0.763E-6
-4.31924192E-03	0.770E-6
-4.31278208E-03	0.753E-6
-4.31522304E-03	0.795E-6
-4.31360224E-03	0.805E-6
-4.29856960E-03	0.743E-6
-4.28651168E-03	0.775E-6
-4.28316672E-03	0.815E-6
-4.28670656E-03	0.778E-6
-4.27342688E-03	0.728E-6
-4.25995456E-03	0.770E-6
-4.25317216E-03	0.813E-6
-4.25549920E-03	0.790E-6
-4.24938272E-03	0.755E-6
-4.23336512E-03	0.778E-6
-4.22331488E-03	0.795E-6
-4.22238272E-03	0.788E-6
-4.22300896E-03	0.768E-6
-4.20839424E-03	0.758E-6
-4.19505696E-03	0.808E-6
-4.19287136E-03	0.795E-6
-4.19522528E-03	0.780E-6
-4.18667712E-03	0.765E-6
-4.16722912E-03	0.793E-6
-4.16208064E-03	0.803E-6
-4.15372544E-03	0.765E-6
-4.15072608E-03	0.778E-6
-4.15344064E-03	0.815E-6
-4.14231744E-03	0.790E-6
-4.12736864E-03	0.763E-6
-4.11787872E-03	0.770E-6
-4.12176928E-03	0.825E-6
-4.11753504E-03	0.800E-6
-4.10186880E-03	0.750E-6
-4.09370176E-03	0.783E-6
-4.09475904E-03	0.800E-6
-4.08860928E-03	0.790E-6
-4.07684288E-03	0.775E-6
-4.06196544E-03	0.790E-6
-4.05507232E-03	0.788E-6
-4.05952064E-03	0.815E-6
-4.05324736E-03	0.805E-6
-4.03582784E-03	0.755E-6
-4.02711232E-03	0.808E-6
-4.02559744E-03	0.828E-6
-4.02521344E-03	0.818E-6
-4.00892928E-03	0.743E-6
-4.00618112E-03	0.768E-6
-4.00196288E-03	0.805E-6
-3.98375264E-03	0.780E-6
-3.98302528E-03	0.828E-6
-3.97199232E-03	0.813E-6
-3.96849504E-03	0.818E-6
-3.96586592E-03	0.813E-6
-3.94487616E-03	0.763E-6
-3.93748416E-03	0.808E-6
-3.93402944E-03	0.838E-6
-3.93718144E-03	0.815E-6
-3.92784288E-03	0.795E-6
-3.91744160E-03	0.843E-6
-3.91444160E-03	0.815E-6
-3.90594112E-03	0.830E-6
-3.89787936E-03	0.795E-6
-3.88165056E-03	0.788E-6
-3.87150304E-03	0.818E-6
-3.86959168E-03	0.838E-6
-3.86315584E-03	0.793E-6
-3.85849824E-03	0.803E-6
-3.84155040E-03	0.808E-6
-3.84595712E-03	0.815E-6
-3.83952928E-03	0.820E-6
-3.82998752E-03	0.800E-6
-3.81392224E-03	0.770E-6
-3.80605792E-03	0.818E-6
-3.80600992E-03	0.850E-6
-3.80302976E-03	0.808E-6
-3.78703456E-03	0.770E-6
-3.77473600E-03	0.833E-6
-3.77265856E-03	0.825E-6
-3.77357696E-03	0.795E-6
-3.76276576E-03	0.815E-6
-3.74528800E-03	0.833E-6
-3.73744288E-03	0.805E-6
-3.74220224E-03	0.858E-6
-3.72430080E-03	0.788E-6
-3.71525248E-03	0.753E-6
-3.71447360E-03	0.825E-6
-3.71346912E-03	0.820E-6
-3.70440864E-03	0.800E-6
-3.69963200E-03	0.825E-6
-3.67967040E-03	0.793E-6
-3.66940096E-03	0.840E-6
-3.66708160E-03	0.838E-6
-3.66789184E-03	0.805E-6
-3.65041344E-03	0.795E-6
-3.64109696E-03	0.838E-6
-3.64164928E-03	0.843E-6
-3.63788320E-03	0.818E-6
-3.62451040E-03	0.778E-6
-3.60971776E-03	0.825E-6
-3.60698400E-03	0.855E-6
-3.60290432E-03	0.795E-6
-3.58932640E-03	0.780E-6
-3.57867392E-03	0.830E-6
-3.57967776E-03	0.843E-6
-3.57623680E-03	0.808E-6
-3.55991072E-03	0.793E-6
-3.54703232E-03	0.818E-6
-3.54581248E-03	0.855E-6
-3.54661664E-03	0.855E-6
-3.53440512E-03	0.808E-6
-3.51709056E-03	0.815E-6
-3.51076960E-03	0.828E-6
-3.51164832E-03	0.818E-6
-3.50026272E-03	0.790E-6
-3.50000800E-03	0.850E-6
-3.48880256E-03	0.800E-6
-3.47017216E-03	0.793E-6
-3.46524256E-03	0.825E-6
-3.46893312E-03	0.828E-6
-3.46134464E-03	0.833E-6
-3.43986720E-03	0.820E-6
-3.44062720E-03	0.853E-6
-3.42496864E-03	0.850E-6
-3.42704128E-03	0.828E-6
-3.40978976E-03	0.850E-6
-3.40433088E-03	0.865E-6
-3.39401088E-03	0.838E-6
-3.39742912E-03	0.845E-6
-3.39232640E-03	0.828E-6
-3.37966176E-03	0.828E-6
-3.36218752E-03	0.808E-6
-3.35973024E-03	0.853E-6
-3.36158080E-03	0.843E-6
-3.35125600E-03	0.865E-6
-3.33667232E-03	0.813E-6
-3.32589504E-03	0.850E-6
-3.32875744E-03	0.865E-6
-3.32418144E-03	0.833E-6
-3.30849728E-03	0.825E-6
-3.29401440E-03	0.863E-6
-3.29347392E-03	0.853E-6
-3.29263904E-03	0.853E-6
-3.28005056E-03	0.828E-6
-3.26471072E-03	0.815E-6
-3.25704608E-03	0.845E-6
-3.26152640E-03	0.888E-6
-3.25373184E-03	0.865E-6
-3.23756000E-03	0.830E-6
-3.23592608E-03	0.808E-6
-3.22506592E-03	0.855E-6
-3.22460384E-03	0.855E-6
-3.20797504E-03	0.838E-6
-3.19526688E-03	0.865E-6
-3.19923360E-03	0.818E-6
-3.18818400E-03	0.863E-6
-3.18355968E-03	0.838E-6
-3.16748896E-03	0.883E-6
-3.17105184E-03	0.853E-6
-3.16332640E-03	0.840E-6
-3.15656096E-03	0.875E-6
-3.13641024E-03	0.845E-6
-3.13783360E-03	0.875E-6
-3.13113280E-03	0.840E-6
-3.11830336E-03	0.863E-6
-3.10714496E-03	0.858E-6
-3.09706336E-03	0.828E-6
-3.09124032E-03	0.868E-6
-3.09121760E-03	0.883E-6
-3.08859296E-03	0.825E-6
-3.07177632E-03	0.830E-6
-3.06009440E-03	0.863E-6
-3.05944480E-03	0.855E-6
-3.05843040E-03	0.855E-6
-3.04636960E-03	0.850E-6
-3.03191392E-03	0.833E-6
-3.02666688E-03	0.855E-6
-3.02837216E-03	0.888E-6
-3.01995616E-03	0.850E-6
-3.00496640E-03	0.820E-6
-2.99499456E-03	0.883E-6
-2.99850944E-03	0.888E-6
-2.99005024E-03	0.815E-6
-2.97248512E-03	0.830E-6
-2.96821600E-03	0.880E-6
-2.97130144E-03	0.890E-6
-2.95789376E-03	0.818E-6
-2.94669920E-03	0.863E-6
-2.93632768E-03	0.895E-6
-2.93975168E-03	0.868E-6
-2.93423008E-03	0.830E-6
-2.92258368E-03	0.838E-6
-2.91223776E-03	0.883E-6
-2.90044128E-03	0.880E-6
-2.89956000E-03	0.850E-6
-2.90055136E-03	0.880E-6
-2.88256384E-03	0.855E-6
-2.87261664E-03	0.840E-6
-2.86981088E-03	0.865E-6
-2.87259360E-03	0.895E-6
-2.85897408E-03	0.828E-6
-2.84733088E-03	0.820E-6
-2.83773440E-03	0.903E-6
-2.84345760E-03	0.878E-6
-2.82284736E-03	0.875E-6
-2.81695296E-03	0.858E-6
-2.80864736E-03	0.865E-6
-2.80921728E-03	0.855E-6
-2.80930880E-03	0.880E-6
-2.79592576E-03	0.840E-6
-2.79395744E-03	0.850E-6
-2.78067488E-03	0.820E-6
-2.76869024E-03	0.893E-6
-2.76770272E-03	0.870E-6
-2.76819680E-03	0.880E-6
-2.75802464E-03	0.843E-6
-2.74039808E-03	0.883E-6
-2.73850560E-03	0.890E-6
-2.73903008E-03	0.880E-6
-2.73370368E-03	0.855E-6
-2.71677472E-03	0.855E-6
-2.70813248E-03	0.905E-6
-2.71044416E-03	0.900E-6
-2.70720384E-03	0.855E-6
-2.69386816E-03	0.828E-6
-2.69272512E-03	0.900E-6
-2.68517888E-03	0.913E-6
-2.67855216E-03	0.875E-6
-2.66995024E-03	0.843E-6
-2.65452256E-03	0.878E-6
-2.64798160E-03	0.895E-6
-2.65188784E-03	0.913E-6
-2.64547808E-03	0.858E-6
-2.62947504E-03	0.855E-6
-2.61919456E-03	0.903E-6
-2.62208528E-03	0.883E-6
-2.61946240E-03	0.878E-6
-2.60343216E-03	0.883E-6
-2.59454304E-03	0.900E-6
-2.58922720E-03	0.868E-6
-2.59070176E-03	0.863E-6
-2.57282368E-03	0.815E-6
-2.56681504E-03	0.893E-6
-2.57271728E-03	0.900E-6
-2.56555808E-03	0.895E-6
-2.54491584E-03	0.870E-6
-2.53791248E-03	0.868E-6
-2.53388832E-03	0.858E-6
-2.53424224E-03	0.918E-6
-2.52665872E-03	0.913E-6
-2.52589568E-03	0.878E-6
-2.51127200E-03	0.838E-6
-2.49762272E-03	0.908E-6
-2.49670128E-03	0.913E-6
-2.48444400E-03	0.875E-6
-2.47762208E-03	0.918E-6
-2.46980896E-03	0.875E-6
-2.46640848E-03	0.890E-6
-2.46685648E-03	0.913E-6
-2.46043856E-03	0.875E-6
-2.44185984E-03	0.858E-6
-2.43453888E-03	0.918E-6
-2.43611936E-03	0.893E-6
-2.43093072E-03	0.900E-6
-2.41441664E-03	0.880E-6
-2.40216608E-03	0.883E-6
-2.40325424E-03	0.905E-6
-2.40134464E-03	0.918E-6
-2.38860224E-03	0.863E-6
-2.37252224E-03	0.893E-6
-2.36910384E-03	0.925E-6
-2.37161920E-03	0.893E-6
-2.36143280E-03	0.895E-6
-2.34480304E-03	0.895E-6
-2.33408432E-03	0.895E-6
-2.33624160E-03	0.870E-6
-2.33255712E-03	0.893E-6
-2.32571952E-03	0.903E-6
-2.31622064E-03	0.875E-6
-2.29733504E-03	0.903E-6
-2.29123040E-03	0.893E-6
-2.29391504E-03	0.905E-6
-2.27405760E-03	0.903E-6
-2.27163072E-03	0.880E-6
-2.25883792E-03	0.880E-6
-2.26422672E-03	0.913E-6
-2.25533840E-03	0.928E-6
-2.24238688E-03	0.858E-6
-2.23006128E-03	0.915E-6
-2.22823072E-03	0.920E-6
-2.22779824E-03	0.893E-6
-2.21986608E-03	0.863E-6
-2.20174848E-03	0.893E-6
-2.19485984E-03	0.908E-6
-2.19537008E-03	0.890E-6
-2.19291264E-03	0.903E-6
-2.17922880E-03	0.908E-6
-2.16584848E-03	0.890E-6
-2.16409584E-03	0.913E-6
-2.16462720E-03	0.895E-6
-2.15127360E-03	0.930E-6
-2.14956816E-03	0.945E-6
-2.14210832E-03	0.913E-6
-2.12566288E-03	0.890E-6
-2.12375328E-03	0.880E-6
-2.11963680E-03	0.890E-6
-2.11361792E-03	0.920E-6
-2.10623488E-03	0.920E-6
-2.08920800E-03	0.865E-6
-2.07762976E-03	0.890E-6
-2.07441744E-03	0.933E-6
-2.07656832E-03	0.920E-6
-2.06863392E-03	0.895E-6
-2.05038720E-03	0.883E-6
-2.04472736E-03	0.918E-6
-2.04746144E-03	0.920E-6
-2.04105328E-03	0.905E-6
-2.02741024E-03	0.875E-6
-2.02606128E-03	0.893E-6
-2.00689264E-03	0.895E-6
-1.99945024E-03	0.925E-6
-2.00081648E-03	0.900E-6
-1.99857424E-03	0.915E-6
-1.99041664E-03	0.908E-6
-1.97157088E-03	0.908E-6
-1.97452608E-03	0.880E-6
-1.97006688E-03	0.893E-6
-1.95095872E-03	0.890E-6
-1.95638576E-03	0.938E-6
-1.94091008E-03	0.913E-6
-1.92916320E-03	0.913E-6
-1.92731712E-03	0.903E-6
-1.92852976E-03	0.888E-6
-1.91855696E-03	0.893E-6
-1.90791936E-03	0.890E-6
-1.90123696E-03	0.905E-6
-1.88669200E-03	0.900E-6
-1.89003744E-03	0.945E-6
-1.87763296E-03	0.908E-6
-1.86608096E-03	0.903E-6
-1.86032960E-03	0.900E-6
-1.85540976E-03	0.930E-6
-1.85880528E-03	0.920E-6
-1.85181856E-03	0.915E-6
-1.83628144E-03	0.893E-6
-1.82575088E-03	0.903E-6
-1.82614912E-03	0.915E-6
-1.82532304E-03	0.925E-6
-1.81119024E-03	0.865E-6
-1.79886240E-03	0.918E-6
-1.79682304E-03	0.918E-6
-1.79798240E-03	0.908E-6
-1.78964336E-03	0.908E-6
-1.77123664E-03	0.908E-6
-1.76618288E-03	0.933E-6
-1.76841296E-03	0.938E-6
-1.76288464E-03	0.893E-6
-1.74484064E-03	0.915E-6
-1.75148432E-03	0.918E-6
-1.73866096E-03	0.908E-6
-1.73153536E-03	0.913E-6
-1.72317840E-03	0.865E-6
-1.72207616E-03	0.938E-6
-1.70677056E-03	0.918E-6
-1.70861536E-03	0.925E-6
-1.69981616E-03	0.895E-6
-1.68568656E-03	0.880E-6
-1.67921024E-03	0.928E-6
-1.68099872E-03	0.925E-6
-1.67523824E-03	0.915E-6
-1.66271664E-03	0.913E-6
-1.65080320E-03	0.913E-6
-1.65081152E-03	0.928E-6
-1.65110176E-03	0.940E-6
-1.63743024E-03	0.893E-6
-1.62418832E-03	0.925E-6
-1.61965792E-03	0.933E-6
-1.61132592E-03	0.925E-6
-1.61128304E-03	0.933E-6
-1.61189888E-03	0.930E-6
-1.59979440E-03	0.883E-6
-1.58476160E-03	0.938E-6
-1.58051168E-03	0.930E-6
-1.57527920E-03	0.908E-6
-1.56463088E-03	0.913E-6
-1.56043808E-03	0.895E-6
-1.55283488E-03	0.930E-6
-1.55228448E-03	0.930E-6
-1.55418336E-03	0.925E-6
-1.53800624E-03	0.900E-6
-1.52655936E-03	0.933E-6
-1.52323184E-03	0.940E-6
-1.52805168E-03	0.953E-6
-1.51991088E-03	0.905E-6
-1.50277232E-03	0.920E-6
-1.49746080E-03	0.933E-6
-1.49844720E-03	0.925E-6
-1.49693600E-03	0.958E-6
-1.48344496E-03	0.895E-6
-1.46931200E-03	0.925E-6
-1.46764816E-03	0.958E-6
-1.47188480E-03	0.928E-6
-1.46261216E-03	0.925E-6
-1.44501824E-03	0.933E-6
-1.45174176E-03	0.918E-6
-1.44518304E-03	0.920E-6
-1.43846368E-03	0.925E-6
-1.42231792E-03	0.908E-6
-1.41216160E-03	0.918E-6
-1.41518096E-03	0.928E-6
-1.40459744E-03	0.933E-6
-1.40253632E-03	0.918E-6
-1.38756368E-03	0.915E-6
-1.38616848E-03	0.940E-6
-1.38942368E-03	0.920E-6
-1.38077120E-03	0.905E-6
-1.37652912E-03	0.965E-6
-1.36397968E-03	0.893E-6
-1.34964096E-03	0.928E-6
-1.34551872E-03	0.930E-6
-1.34777504E-03	0.930E-6
-1.34351184E-03	0.953E-6
-1.33042840E-03	0.893E-6
-1.31946144E-03	0.933E-6
-1.32056720E-03	0.958E-6
-1.31930216E-03	0.940E-6
-1.30956112E-03	0.903E-6
-1.29314720E-03	0.945E-6
-1.28837112E-03	0.958E-6
-1.29418816E-03	0.928E-6
-1.28742104E-03	0.945E-6
-1.27171104E-03	0.908E-6
-1.26419392E-03	0.925E-6
-1.26692104E-03	0.953E-6
-1.26437400E-03	0.955E-6
-1.25319592E-03	0.903E-6
-1.23745128E-03	0.940E-6
-1.23383120E-03	0.975E-6
-1.23883752E-03	0.940E-6
-1.23282312E-03	0.938E-6
-1.21831080E-03	0.930E-6
-1.20905984E-03	0.920E-6
-1.20871776E-03	0.938E-6
-1.20924096E-03	0.953E-6
-1.19830376E-03	0.930E-6
-1.18504664E-03	0.940E-6
-1.19113704E-03	0.938E-6
-1.18189496E-03	0.930E-6
-1.17932320E-03	0.945E-6
-1.16755696E-03	0.900E-6
-1.15384880E-03	0.943E-6
-1.14955616E-03	0.943E-6
-1.15335592E-03	0.940E-6
-1.14833776E-03	0.958E-6
-1.13594616E-03	0.925E-6
-1.12258584E-03	0.925E-6
-1.12254168E-03	0.933E-6
-1.12164768E-03	0.938E-6
-1.10479208E-03	0.888E-6
-1.10055656E-03	0.955E-6
-1.09225408E-03	0.930E-6
-1.08925384E-03	0.938E-6
-1.09224552E-03	0.953E-6
-1.08640080E-03	0.895E-6
-1.07139920E-03	0.905E-6
-1.06284848E-03	0.940E-6
-1.06272416E-03	0.958E-6
-1.06634024E-03	0.938E-6
-1.05395656E-03	0.913E-6
-1.03961136E-03	0.950E-6
-1.03867752E-03	0.930E-6
-1.02947592E-03	0.940E-6
-1.02406248E-03	0.930E-6
-1.03034120E-03	0.978E-6
-1.02142600E-03	0.925E-6
-1.00473560E-03	0.900E-6
-1.00368680E-03	0.920E-6
-9.92778368E-04	0.955E-6
-9.92190208E-04	0.963E-6
-9.94618496E-04	0.943E-6
-9.82709376E-04	0.918E-6
-9.71464896E-04	0.918E-6
-9.67021632E-04	0.963E-6
-9.69806080E-04	0.975E-6
-9.67384384E-04	0.930E-6
-9.48907840E-04	0.933E-6
-9.41149120E-04	0.955E-6
-9.50475712E-04	0.933E-6
-9.32150208E-04	0.918E-6
-9.28661952E-04	0.925E-6
-9.20104832E-04	0.925E-6
-9.17078272E-04	0.943E-6
-9.20680960E-04	0.970E-6
-9.15742976E-04	0.925E-6
-9.01899136E-04	0.915E-6
-8.92708800E-04	0.940E-6
-8.96495680E-04	0.943E-6
-8.94804224E-04	0.975E-6
-8.82160832E-04	0.908E-6
-8.70248256E-04	0.943E-6
-8.71046080E-04	0.938E-6
-8.73421568E-04	0.933E-6
-8.62635392E-04	0.975E-6
-8.58496896E-04	0.915E-6
-8.47648384E-04	0.920E-6
-8.36521024E-04	0.928E-6
-8.37645248E-04	0.943E-6
-8.28467200E-04	0.945E-6
-8.25155776E-04	0.943E-6
-8.16363200E-04	0.955E-6
-8.22972608E-04	0.955E-6
-8.18056192E-04	0.945E-6
-8.06316544E-04	0.945E-6
-7.94023040E-04	0.940E-6
-7.96850496E-04	0.950E-6
-7.82339904E-04	0.980E-6
-7.89929536E-04	0.958E-6
-7.86322816E-04	0.970E-6
-7.74081280E-04	0.908E-6
-7.62157120E-04	0.925E-6
-7.58906560E-04	0.975E-6
-7.61042752E-04	0.938E-6
-7.56852992E-04	0.938E-6
-7.42427392E-04	0.938E-6
-7.34392512E-04	0.945E-6
-7.39223296E-04	0.933E-6
-7.37446784E-04	0.955E-6
-7.28722816E-04	0.890E-6
-7.14883584E-04	0.953E-6
-7.10215808E-04	0.950E-6
-7.16029440E-04	0.950E-6
-7.11732096E-04	0.930E-6
-6.96433856E-04	0.918E-6
-6.89823424E-04	0.980E-6
-6.91304640E-04	0.940E-6
-6.93344000E-04	0.953E-6
-6.82660416E-04	0.943E-6
-6.68026240E-04	0.950E-6
-6.69223424E-04	0.963E-6
-6.71401408E-04	0.975E-6
-6.67055168E-04	0.950E-6
-6.51158016E-04	0.955E-6
-6.44777472E-04	0.980E-6
-6.47584576E-04	0.945E-6
-6.46714112E-04	0.970E-6
-6.36834880E-04	0.945E-6
-6.23192320E-04	0.930E-6
-6.21758144E-04	0.975E-6
-6.25682752E-04	0.970E-6
-6.09180096E-04	0.938E-6
-6.17150464E-04	0.968E-6
-6.08014080E-04	0.943E-6
-5.95558336E-04	0.925E-6
-5.88775168E-04	0.963E-6
-5.97442240E-04	0.953E-6
-5.86614400E-04	0.913E-6
-5.78831680E-04	0.940E-6
-5.69573120E-04	0.953E-6
-5.71036160E-04	0.970E-6
-5.73451264E-04	0.938E-6
-5.59584000E-04	0.918E-6
-5.49019968E-04	0.970E-6
-5.48599296E-04	0.953E-6
-5.53493056E-04	0.993E-6
-5.45110400E-04	0.933E-6
-5.31274272E-04	0.930E-6
-5.27790400E-04	0.970E-6
-5.30489248E-04	0.965E-6
-5.29643936E-04	0.983E-6
-5.15919232E-04	0.918E-6
-5.19863904E-04	0.965E-6
-5.08436352E-04	0.900E-6
-4.97898336E-04	0.943E-6
-4.94051712E-04	0.963E-6
-4.88340768E-04	0.943E-6
-4.81948448E-04	0.928E-6
-4.78072928E-04	0.943E-6
-4.82761280E-04	0.945E-6
-4.67905440E-04	0.963E-6
-4.68019136E-04	0.915E-6
-4.69700224E-04	0.933E-6
-4.62828288E-04	0.938E-6
-4.51780224E-04	0.938E-6
-4.46169536E-04	0.975E-6
-4.54399616E-04	0.953E-6
-4.48847040E-04	0.968E-6
-4.38484928E-04	0.950E-6
-4.31960768E-04	0.955E-6
-4.26298208E-04	0.988E-6
-4.30563072E-04	0.978E-6
-4.14080768E-04	0.933E-6
-4.09340416E-04	0.950E-6
-4.05380160E-04	0.950E-6
-4.12195968E-04	0.975E-6
-4.08280832E-04	0.950E-6
-3.96058400E-04	0.953E-6
-3.93575104E-04	0.968E-6
-3.88310976E-04	0.990E-6
-3.89355808E-04	0.983E-6
-3.78679168E-04	0.958E-6
-3.78589760E-04	1.000E-6
-3.65957888E-04	0.980E-6
-3.71495264E-04	0.965E-6
-3.64917536E-04	0.938E-6
-3.54327232E-04	0.965E-6
-3.53095584E-04	0.958E-6
-3.48502240E-04	0.963E-6
-3.49894624E-04	0.940E-6
-3.32089344E-04	0.965E-6
-3.27172224E-04	0.943E-6
-3.34730464E-04	0.958E-6
-3.29126880E-04	0.990E-6
-3.26351040E-04	0.983E-6
-3.20636160E-04	0.940E-6
-3.04214496E-04	0.970E-6
-3.02385216E-04	0.945E-6
-3.04996864E-04	0.990E-6
-2.96169824E-04	0.938E-6
-2.92307520E-04	0.950E-6
-2.82597056E-04	0.958E-6
-2.92220224E-04	0.975E-6
-2.87481408E-04	0.990E-6
-2.78709024E-04	0.945E-6
-2.69621696E-04	0.980E-6
-2.64827712E-04	0.975E-6
-2.63543184E-04	0.945E-6
-2.63273984E-04	0.968E-6
-2.50887264E-04	0.925E-6
-2.47250688E-04	0.968E-6
-2.51534096E-04	0.978E-6
-2.37090352E-04	0.930E-6
-2.39868816E-04	0.928E-6
-2.28919232E-04	1.000E-6
-2.34618032E-04	0.945E-6
-2.25555248E-04	0.978E-6
-2.25592288E-04	0.970E-6
-2.14045328E-04	0.930E-6
-2.06931792E-04	1.000E-6
-2.10233472E-04	0.988E-6
-2.01455824E-04	0.930E-6
-2.03862464E-04	0.968E-6
-1.84752272E-04	0.953E-6
-1.91070688E-04	0.995E-6
-1.79945728E-04	0.950E-6
-1.82695600E-04	0.968E-6
-1.79333216E-04	0.963E-6
-1.65922160E-04	0.965E-6
-1.71318960E-04	0.965E-6
-1.66328032E-04	0.968E-6
-1.61850096E-04	0.955E-6
-1.56914544E-04	0.953E-6
-1.44764832E-04	0.963E-6
-1.40463168E-04	0.955E-6
-1.40655760E-04	1.003E-6
-1.29770160E-04	0.930E-6
-1.22054504E-04	0.980E-6
-1.18798328E-04	0.943E-6
-1.16240784E-04	0.978E-6
-1.20257704E-04	0.938E-6
-1.18249792E-04	0.950E-6
-1.03702760E-04	0.965E-6
-1.05572424E-04	0.983E-6
-1.02615968E-04	0.995E-6
-1.03325120E-04	0.958E-6
-8.54490304E-05	0.995E-6
-7.99331392E-05	0.945E-6
-8.24742848E-05	1.003E-6
-8.32367872E-05	0.950E-6
-7.12964992E-05	0.933E-6
-6.47353152E-05	0.980E-6
-7.34130432E-05	0.950E-6
-6.95014592E-05	0.990E-6
-6.11029888E-05	0.945E-6
-5.60012608E-05	0.970E-6
-4.84567776E-05	1.000E-6
-3.87899680E-05	0.978E-6
-3.62774464E-05	0.958E-6
-3.28831520E-05	0.945E-6
-2.96025568E-05	0.983E-6
-3.59183552E-05	0.945E-6
-3.24148768E-05	0.965E-6
-2.14105024E-05	0.965E-6
-1.70371648E-05	0.963E-6
-1.46889200E-05	0.995E-6
-8.91526336E-06	0.988E-6
+1.41429120E-06	0.945E-6
+6.43663104E-06	0.975E-6
+5.64123392E-06	0.975E-6
+1.65496624E-06	0.963E-6
+4.91278880E-06	0.958E-6
+1.85077136E-05	0.920E-6
+1.26763648E-05	0.980E-6
+1.70716992E-05	0.983E-6
+2.04921552E-05	0.965E-6
+3.76786016E-05	0.963E-6
+4.13124512E-05	0.975E-6
+4.06940000E-05	0.980E-6
+3.82229792E-05	0.933E-6
+4.82157216E-05	0.930E-6
+5.65387840E-05	0.970E-6
+4.73718176E-05	0.965E-6
+5.12475104E-05	0.993E-6
+5.58885120E-05	0.963E-6
+7.23107072E-05	0.978E-6
+7.49138112E-05	0.983E-6
+7.25283264E-05	0.983E-6
+7.58640832E-05	0.965E-6
+8.01520640E-05	0.933E-6
+9.21815808E-05	0.950E-6
+8.28670592E-05	0.995E-6
+8.66826944E-05	0.963E-6
+9.43092480E-05	1.003E-6
+9.69068160E-05	0.958E-6
+1.01889232E-04	0.920E-6
+1.14303000E-04	0.975E-6
+1.03746056E-04	0.988E-6
+1.09504608E-04	1.005E-6
+1.15049984E-04	0.953E-6
+1.29934600E-04	0.968E-6
+1.34916752E-04	0.988E-6
+1.28744080E-04	1.015E-6
+1.37758400E-04	0.943E-6
+1.41198608E-04	0.958E-6
+1.49427040E-04	0.965E-6
+1.40707344E-04	0.958E-6
+1.43675616E-04	0.988E-6
+1.59477440E-04	0.958E-6
+1.58845120E-04	0.993E-6
+1.66528736E-04	0.995E-6
+1.58193968E-04	0.958E-6
+1.63089376E-04	0.945E-6
+1.65393104E-04	0.958E-6
+1.74195456E-04	-0.100E-6
+1.72288560E-04	-0.120E-6
+1.90427440E-04	0.795E-6
+1.87423824E-04	0.878E-6
+1.86702320E-04	1.068E-6
+1.92449808E-04	1.053E-6
+1.90204928E-04	0.975E-6
+2.07384128E-04	0.965E-6
+2.10410704E-04	0.980E-6
+2.10967552E-04	0.933E-6
+2.06219472E-04	0.953E-6
+2.06442480E-04	0.983E-6
+2.17145760E-04	0.943E-6
+2.11479648E-04	0.995E-6
+2.17524176E-04	0.983E-6
+2.13109920E-04	0.940E-6
+2.28703184E-04	0.975E-6
+2.30730416E-04	0.963E-6
+2.26139584E-04	0.953E-6
+2.32242112E-04	0.975E-6
+2.19884768E-04	0.993E-6
+2.23430432E-04	0.963E-6
+2.20800272E-04	0.983E-6
+2.33773792E-04	0.993E-6
+2.23971584E-04	0.970E-6
+2.29222448E-04	0.925E-6
+2.30606832E-04	0.940E-6
+2.35599104E-04	0.955E-6
+2.21401888E-04	0.975E-6
+2.20526672E-04	0.978E-6
+2.33125488E-04	0.988E-6
+2.30433200E-04	0.950E-6
+2.21847968E-04	0.958E-6
+2.26914592E-04	0.995E-6
+2.17289008E-04	0.983E-6
+2.27016256E-04	0.978E-6
+2.26122112E-04	0.988E-6
+2.16257968E-04	0.988E-6
+2.17868288E-04	0.990E-6
+2.10894784E-04	0.980E-6
+2.24647376E-04	0.958E-6
+2.22686848E-04	0.988E-6
+2.07678336E-04	0.993E-6
+2.11122768E-04	0.928E-6
+2.15995232E-04	0.938E-6
+2.06969168E-04	0.955E-6
+2.13126224E-04	0.978E-6
+2.12514544E-04	0.975E-6
+2.00817968E-04	0.978E-6
+2.05305152E-04	0.965E-6
+2.06860176E-04	0.933E-6
+2.05652896E-04	0.950E-6
+1.91957024E-04	0.968E-6
+1.89627984E-04	0.983E-6
+2.01701216E-04	0.978E-6
+1.98341168E-04	0.953E-6
+1.98930608E-04	0.968E-6
+1.84141040E-04	0.980E-6
+1.84320064E-04	0.918E-6
+1.91360704E-04	0.945E-6
+1.83893088E-04	0.963E-6
+1.85265312E-04	1.000E-6
+1.84631472E-04	0.970E-6
+1.74216464E-04	0.980E-6
+1.84274704E-04	0.975E-6
+1.80653328E-04	0.958E-6
+1.79249552E-04	0.978E-6
+1.64495280E-04	0.990E-6
+1.63826896E-04	0.978E-6
+1.69048912E-04	0.940E-6
+1.67309392E-04	0.970E-6
+1.64498944E-04	0.980E-6
+1.55638560E-04	1.013E-6
+1.65974400E-04	0.995E-6
+1.65429104E-04	0.958E-6
+1.61414080E-04	0.955E-6
+1.48358144E-04	0.950E-6
+1.46303760E-04	0.983E-6
+1.55053088E-04	0.975E-6
+1.45994320E-04	0.990E-6
